0 

214 136 225 69 196 
109 76 109 34 106 
254 142 265 107 221 
218 153 218 61 203 
225 107 256 92 230 

1 

180 69 141 159 185 
205 97 194 180 215 
146 70 145 126 157 
206 60 123 187 170 
175 60 166 149 129 

2 

192 215 107 173 255 
205 232 117 177 271 
187 237 122 142 246 
236 251 123 129 273 
126 175 88 107 180 

3 

174 200 163 173 98 
83 133 105 132 79 
146 202 154 244 142 
127 117 96 157 89 
144 138 92 129 82 

4 

145 140 188 47 251 
89 87 135 27 141 
40 66 52 11 137 
114 131 219 42 227 
90 72 182 31 106 

5 

63 121 81 95 43 
108 186 204 160 109 
62 102 84 64 35 
26 57 66 64 46 
63 153 126 160 107 

6 

144 158 142 165 77 
95 131 118 134 68 
112 157 144 173 63 
116 150 146 180 74 
162 171 116 132 102 

7 

180 146 108 184 188 
217 199 132 245 189 
163 201 101 177 105 
208 197 130 242 179 
51 71 22 60 20 

8 

255 108 181 199 111 
303 166 249 254 128 
216 120 175 190 99 
89 80 96 91 30 
116 118 122 121 73 

9 

146 203 190 123 175 
93 193 93 126 160 
110 162 99 130 100 
99 144 82 115 134 
114 166 129 69 118 

10 

219 208 257 140 196 
133 139 170 87 113 
214 275 322 192 259 
79 118 134 58 103 
52 80 91 72 81 

11 

210 264 168 211 111 
169 160 113 147 45 
85 154 109 144 52 
64 140 72 130 54 
206 207 113 192 65 

12 

92 96 134 92 45 
145 122 141 123 114 
99 101 123 132 92 
74 69 101 59 39 
104 113 190 143 58 

13 

129 96 176 168 81 
122 120 89 126 132 
173 160 183 204 159 
215 172 215 233 176 
74 39 96 78 42 

14 

132 156 128 160 160 
138 133 127 116 108 
88 141 159 181 204 
144 89 69 132 132 
93 144 173 158 174 

15 

193 93 121 110 202 
223 117 143 170 248 
104 78 102 106 144 
178 102 151 52 192 
214 139 213 120 273 

16 

145 180 92 53 157 
98 118 94 80 116 
254 318 178 205 175 
208 251 97 108 156 
113 134 106 93 105 

17 

36 136 94 154 116 
25 149 108 132 141 
9 24 38 8 27 
54 159 152 180 206 
61 136 103 204 196 

18 

77 169 172 160 30 
105 173 228 199 47 
92 138 166 111 36 
77 144 189 189 43 
54 160 127 117 36 

19 

114 73 56 131 67 
174 124 100 183 165 
45 34 60 61 87 
75 110 54 92 150 
60 54 41 56 96 

20 

128 86 74 71 137 
215 159 84 169 141 
224 156 92 92 180 
250 180 108 154 224 
144 104 72 123 87 

21 

72 102 60 70 95 
83 89 31 75 67 
128 162 88 123 133 
194 302 204 224 218 
195 235 83 189 164 

22 

160 222 214 136 112 
113 156 182 115 84 
176 134 192 93 106 
151 111 157 94 61 
81 155 123 54 73 

23 

175 175 96 213 254 
161 162 43 208 261 
140 105 67 155 239 
115 86 96 129 185 
149 82 76 157 227 

24 

125 113 127 112 201 
90 86 63 79 136 
140 160 142 142 232 
138 168 171 147 235 
93 112 95 102 156 

25 

90 75 36 43 115 
147 135 98 39 149 
229 174 152 99 217 
88 40 74 73 92 
166 115 144 77 142 

26 

172 202 130 201 145 
100 153 62 133 129 
151 202 129 191 207 
123 176 63 167 120 
211 261 99 247 152 

27 

109 45 127 153 170 
90 98 162 162 194 
92 102 138 188 174 
88 67 83 158 120 
90 76 122 146 176 

28 

96 125 137 181 46 
79 61 149 141 73 
38 44 92 74 38 
70 50 103 102 44 
150 73 127 178 46 

29 

224 151 163 59 88 
233 168 179 74 119 
76 46 58 58 18 
242 174 152 83 107 
266 193 143 112 110 

30 

205 205 191 151 151 
141 113 122 86 126 
148 145 157 129 66 
207 224 173 175 79 
209 223 230 174 130 

31 

166 60 109 72 153 
70 23 43 29 42 
268 76 179 173 255 
164 52 111 113 151 
240 80 171 161 219 

32 

156 51 115 100 36 
138 46 99 79 26 
137 44 80 123 57 
243 90 140 223 91 
192 109 79 182 52 

33 

110 124 60 92 138 
127 151 67 91 93 
132 137 82 108 197 
95 130 46 70 31 
76 111 59 87 108 

34 

102 169 83 124 85 
158 211 67 155 114 
143 277 175 167 209 
100 146 59 120 66 
153 223 110 147 157 

35 

190 123 131 231 256 
66 42 72 116 94 
52 23 101 117 92 
186 128 184 246 318 
122 96 138 202 224 

36 

210 242 44 204 258 
153 176 26 157 190 
156 145 36 157 155 
90 84 20 88 98 
200 178 58 188 214 

37 

201 66 108 216 209 
91 59 112 111 84 
125 69 136 153 120 
78 42 50 85 76 
128 91 72 139 115 

38 

118 49 187 64 86 
149 149 252 90 118 
57 77 119 25 79 
164 126 228 132 176 
101 36 156 55 107 

39 

65 274 146 192 190 
72 231 147 176 186 
17 161 81 143 109 
36 163 85 123 111 
64 270 126 186 150 

40 

39 116 119 77 105 
43 88 162 30 159 
57 148 84 86 109 
84 142 142 94 99 
57 172 118 94 144 

41 

200 88 123 90 98 
219 168 164 172 104 
157 72 71 78 56 
125 63 108 82 81 
238 181 143 158 94 

42 

81 175 228 301 212 
85 163 234 302 236 
59 119 161 217 149 
61 128 188 247 199 
54 92 138 216 108 

43 

94 134 39 102 136 
108 151 36 79 159 
120 125 22 103 117 
126 169 45 87 190 
181 190 48 129 160 

44 

163 81 167 188 180 
159 115 173 220 174 
129 112 140 98 132 
195 118 167 137 166 
193 107 201 152 186 

45 

124 130 84 114 42 
93 42 160 52 34 
89 60 32 81 20 
166 126 137 146 30 
162 126 155 120 98 

46 

135 231 235 175 185 
67 123 106 69 72 
62 133 139 121 124 
69 116 60 34 63 
64 140 144 120 100 

47 

116 74 122 156 20 
172 158 132 177 30 
192 146 150 216 32 
198 115 119 155 26 
90 139 31 66 18 

48 

165 131 158 91 131 
105 97 124 60 80 
60 72 111 35 65 
129 89 192 88 132 
143 116 176 81 94 

49 

198 157 98 102 57 
155 134 77 112 99 
100 100 49 83 51 
189 206 77 160 91 
107 134 35 103 66 

50 

111 82 15 90 76 
76 49 26 63 80 
73 104 19 109 108 
187 156 94 237 170 
118 100 16 99 128 

51 

132 140 97 163 175 
91 134 101 83 153 
134 222 138 162 228 
93 138 77 135 137 
74 110 92 78 136 

52 

223 95 190 197 160 
136 50 122 104 115 
135 86 121 156 106 
95 38 91 100 60 
119 74 115 128 100 

53 

111 87 88 126 64 
127 96 149 140 99 
188 150 161 175 128 
153 136 192 138 137 
97 88 166 89 113 

54 

151 129 117 105 133 
126 121 144 76 98 
94 122 144 74 96 
116 131 162 66 102 
123 144 144 96 136 

55 

148 95 206 102 129 
179 142 263 130 147 
117 78 113 80 67 
134 110 210 94 112 
26 42 105 12 37 

56 

141 229 143 179 113 
116 264 177 180 177 
68 135 77 91 67 
52 129 90 112 86 
72 197 134 152 133 

57 

160 134 194 146 130 
145 135 193 153 125 
96 60 150 109 62 
91 72 185 122 74 
189 114 237 136 135 

58 

166 253 231 91 106 
159 119 141 79 64 
185 115 114 46 52 
149 152 215 93 97 
117 115 134 44 66 

59 

110 40 54 92 48 
139 117 105 163 84 
168 47 84 115 73 
160 73 106 133 78 
280 164 202 278 169 

60 

46 75 61 48 37 
123 172 168 118 143 
126 180 138 136 128 
78 97 46 86 71 
62 82 51 56 58 

61 

136 177 145 223 174 
55 115 57 152 123 
141 181 114 227 172 
100 77 86 76 47 
110 132 99 155 113 

62 

142 78 140 158 134 
183 95 127 179 175 
137 71 118 151 105 
128 112 128 112 160 
99 35 60 135 143 

63 

114 67 123 7 81 
229 140 214 36 85 
185 96 190 22 78 
195 121 187 31 117 
202 135 177 33 170 

64 

84 114 65 154 95 
143 216 118 219 181 
93 111 118 132 77 
192 250 174 284 190 
175 194 141 224 175 

65 

161 200 223 174 160 
122 113 145 141 88 
97 121 154 123 82 
155 164 250 187 121 
112 97 125 127 68 

66 

100 137 199 193 179 
68 94 140 73 128 
68 128 162 133 157 
125 73 179 124 146 
126 123 181 177 199 

67 

227 236 141 118 155 
185 218 115 104 141 
192 185 170 85 146 
156 147 106 59 96 
183 188 124 91 141 

68 

44 157 70 107 39 
33 102 105 96 34 
140 136 171 132 109 
94 194 186 157 68 
173 161 166 155 128 

69 

144 128 54 90 46 
200 182 109 152 85 
112 104 66 82 42 
202 144 74 55 96 
242 224 119 154 81 

70 

141 111 153 70 67 
122 97 85 103 118 
173 145 177 124 123 
96 81 123 89 98 
65 32 46 21 35 

71 

77 108 96 67 109 
118 189 165 85 170 
49 90 66 63 40 
46 83 64 61 125 
15 42 27 29 87 

72 

56 48 146 118 61 
128 105 302 238 135 
125 89 215 173 108 
156 95 246 200 130 
121 95 207 145 79 

73 

144 137 208 180 190 
119 76 126 96 78 
205 189 255 184 193 
198 186 280 199 236 
180 206 257 173 217 

74 

91 137 118 146 159 
84 136 115 132 130 
81 100 95 112 91 
101 145 165 157 196 
36 73 96 71 115 

75 

56 122 173 114 63 
90 34 92 86 58 
134 130 178 142 102 
66 93 112 82 56 
104 94 156 98 99 

76 

139 155 142 166 191 
89 138 111 153 156 
112 141 137 127 161 
116 135 89 144 145 
90 104 82 137 140 

77 

77 99 123 152 123 
109 282 220 252 124 
106 199 181 230 160 
95 238 251 280 125 
96 215 137 189 115 

78 

146 163 104 179 177 
48 57 37 68 57 
113 145 114 185 153 
92 197 149 198 153 
27 61 43 58 43 

79 

162 172 85 146 105 
274 282 143 250 237 
166 178 110 208 146 
137 144 74 123 110 
194 164 86 144 186 

80 

190 129 177 212 150 
178 87 118 158 216 
52 37 51 96 152 
185 107 147 143 150 
240 132 176 206 200 

81 

176 82 58 120 110 
156 102 102 112 122 
148 45 113 40 65 
110 22 100 36 52 
62 46 22 16 32 

82 

140 54 228 92 136 
118 66 185 64 91 
104 23 196 70 109 
29 16 133 51 60 
142 55 230 104 161 

83 

230 161 145 141 175 
153 90 183 84 82 
260 176 143 116 160 
122 92 102 96 112 
171 113 116 144 151 

84 

119 138 104 125 99 
74 61 87 127 72 
46 38 56 114 68 
179 196 196 133 173 
124 148 124 136 120 

85 

86 76 120 72 140 
101 66 130 126 277 
94 142 126 95 144 
122 153 157 116 210 
49 73 63 113 126 

86 

78 108 82 109 161 
125 132 73 97 106 
186 207 124 205 224 
150 150 152 88 164 
166 186 131 158 206 

87 

165 145 104 192 135 
205 165 181 215 178 
116 79 75 109 76 
41 89 92 91 96 
154 109 96 147 109 

88 

220 124 238 50 116 
139 99 187 17 44 
223 118 222 44 123 
259 152 273 60 144 
197 127 249 40 81 

89 

107 131 102 128 121 
98 140 122 156 137 
48 63 39 54 51 
147 169 112 138 97 
117 151 90 123 101 

90 

209 224 131 116 220 
203 261 253 174 239 
257 342 267 187 302 
99 188 163 109 162 
188 181 82 102 165 

91 

181 136 166 93 71 
205 147 165 132 82 
182 173 140 71 58 
130 107 86 69 48 
156 138 105 100 67 

92 

158 120 125 202 90 
172 183 174 234 125 
180 174 165 237 104 
128 128 132 212 120 
194 197 195 236 117 

93 

159 279 288 50 178 
112 165 163 37 91 
151 257 197 57 168 
106 193 184 38 130 
116 215 222 24 128 

94 

178 50 142 152 104 
122 99 113 185 78 
193 126 214 242 169 
132 55 110 135 80 
106 39 96 103 90 

95 

100 74 131 76 142 
191 143 232 147 105 
159 123 189 111 75 
117 81 127 82 111 
161 111 211 140 163 

96 

56 188 194 51 182 
95 195 165 82 193 
59 169 205 123 155 
59 159 144 41 155 
33 64 70 45 66 

97 

173 217 86 47 78 
161 196 49 61 98 
217 262 92 76 112 
133 170 70 31 55 
153 173 25 80 112 

98 

174 154 168 196 223 
89 163 121 137 180 
218 216 183 222 227 
168 125 169 207 185 
206 198 175 208 229 

99 

84 102 62 108 110 
43 104 128 104 127 
113 137 78 129 125 
29 80 105 69 118 
99 100 35 83 116 

